x: -0.23193463299170786
    y: -0.4414047797428478
    z: 0.17783885167467536