kinematics:
  shoulder:
    x: 0
    y: 0
    z: 0.1519839741432544
    roll: -0
    pitch: 0
    yaw: 4.462895823731383e-08
  upper_arm:
    x: -0.0001922712790373928
    y: 0
    z: 0
    roll: 1.571303404697649
    pitch: 0
    yaw: 1.029686905540433e-06
  forearm:
    x: -0.2436869404415663
    y: 0
    z: 0
    roll: 0.0008101630758946837
    pitch: 0.0009692662780512593
    yaw: -2.507994682194103e-05
  wrist_1:
    x: -0.2130911593779672
    y: -0.0005120447666901689
    z: 0.1318673856097244
    roll: 0.003883008606143924
    pitch: 0.005095443286564426
    yaw: 1.005658878806497e-05
  wrist_2:
    x: 5.303075505559277e-05
    y: -0.08544774142677228
    z: -6.143534161055107e-05
    roll: 1.571515308127799
    pitch: 0
    yaw: 2.088854870469333e-06
  wrist_3:
    x: -2.817135943996391e-05
    y: 0.0922056777116793
    z: -9.441331630345097e-05
    roll: 1.569772384607708
    pitch: 3.141592653589793
    yaw: 3.1415925428681
  hash: calib_4049541247475497688